1220
28430
3544
9227
13588
1754
21546
58636
20121
3395
37224
1519
39105
5633
54399
56347
11665
53444
12842
55232
9039
36549
34269
19131
6367
14300
60550
23400
63326
31027
51537
5029
56776
50355
42692
50048
28466
65449
35524
40634
45003
9568
51683
29202
24697
20373
12460
3083
21244
30532
36925
57895
35091
17448
43227
8777
30342
40230
53619
44528
24710
38819
2203
1152
23197
23483
47725
22913
41699
38910
4476
38209
19014
62611
12162
51302
60227
25604
61312
20392
18110
17306
36357
2706
40251
34358
45203
18629
32631
63390
8651
31599
11723
23293
18536
65129
55011
23181
60008
1027
38337
4118
28486
37475
49537
16991
15171
44928
22666
13091
19783
5016
16884
12247
22701
42928
5089
46555
44818
32918
41491
21659
29598
7430
65013
1618
29743
16776
52786
13890
19674
37979
4305
23088
599
61863
58645
59484
22399
37517
58154
37871
52347
29321
42066
25495
27222
42121
22517
14702
26460
28155
54810
21635
61026
20619
24398
52070
14569
40252
51866
55445
133
37755
64658
28063
35528
26301
13431
1130
11063
11213
42703
14315
43952
42453
29984
47729
13475
6475
57810
47170
54924
47600
33509
19836
64692
26508
40823
9864
51584
19774
6168
42710
36303
36661
37407
35546
21060
40162
51125
11234
21081
30750
6732
40807
39039
28446
59700
27499
55363
27904
58071
34616
39432
19978
2721
44832
43816
8021
36939
35682
8246
4037
48408
59869
38095
12418
8518
61584
28851
12095
7465
8138
785
37751
48885
40666
8046
64248
28136
20844
27000
32857
50694
50769
45730
10589
31369
10028
13331
41449
49583
58060
15630
62630
14307
5883
18519
39610
60321
33212
44511
31307
19516
33285
8207
65132
34041
62768
22747
48258
47384
21675
16804
24941
1432
44868
9417
20063
57373
1846
14417
12301
45171
22938
57659
25976
33063
31212
13820
37858
38065
56497
32805
50736
7447
2949
14287
52401
25790
29469
21220
49680
24093
29989
56786
2170
54686
38151
62895
18885
50018
27482
9491
62535
27177
116
18308
59057
54115
49099
56096
62947
42746
25393
43031
18986
34148
50048
61671
15517
44345
13168
47190
712
26561
62989
51775
40359
9108
5228
1397
53867
17941
41457
18087
32476
9727
48292
22962
4561
46958
58110
34559
59604
44568
45950
59694
35052
2565
47007
25425
14246
34632
25697
13456
9543
30528
10815
6887
51146
27391
62889
18004
561
26602
21569
2114
27352
21146
2537
58105
18554
54758
63537
2485
26166
26078
4714
24431
34301
34253
46382
57008
15341
11790
8683
5235
16193
59453
25007
61706
33828
57093
16114
53446
42976
61380
61485
57548
44045
39153
3400
16223
41113
3506
23618
45132
34109
32367
18028
61972
21536
54590
33620
40354
11959
23625
57620
42058
3618
31166
30688
36284
1831
26891
63493
21683
12812
31214
53993
27815
1557
21538
30945
2093
35204
20342
49970
3522
4106
30037
25521
25403
31921
59197
7745
58880
38898
28338
60488
51889
10420
64552
33618
29034
9782
64585
7872
26519
45812
11097
46253
13434
11348
65107
49341
15698
43552
48660
43035
4374
57842
927
2348
31884
49163
45778
29537
5682
50873
47953
28835
24709
43454
33844
9716
2150
51817
48744
19633
12210
32101
35281
54629
41213
2811
4744
8356
27599
30719
37917
40481
59472
36544
41207
36521
55525
44775
37341
7820
8051
24276
40411
40011
50634
54182
41708
65178
25714
60494
34076
36264
60457
55965
63802
27237
39872
47370
58236
62187
20772
1923
20050
611
12430
54006
39871
41954
51969
40128
32981
43068
60699
53050
47369
19901
13203
11540
8872
47978
33608
39082
10429
59212
55866
22828
24011
52503
23800
37711
59261
55370
31670
38147
39710
36586
62218
19725
17963
57484
57640
27442
50046
50363
14572
12692
60661
54301
19186
38547
51456
19793
41509
32316
11231
4518
63326
13525
25411
60082
58951
110
63816
12459
26684
18152
36618
20132
61222
65465
47193
50541
34258
44642
28323
5208
19547
4798
33395
16526
24797
55606
40400
48244
7765
33919
14321
57532
8312
22387
59690
29929
43653
24029
3549
25852
39974
43220
40509
29259
45431
7470
42860
44653
15701
43607
22227
58519
11992
42056
2920
51330
1818
11829
14120
7587
25272
60268
61138
57115
3581
29400
5124
21407
57997
38376
57182
33284
15626
24512
56052
34400
63437
39772
53671
13733
142
43367
58394
29285
49434
55037
30762
47367
21033
16274
35406
10443
25167
29757
37230
39280
44316
46000
33680
55190
3845
57012
3306
42034
42253
38688
63738
35351
57920
4404
32646
34679
13453
11150
19128
11592
17768
56925
57812
31521
23597
8636
49588
61540
8138
4908
64342
6932
21998
36195
11777
11811
10025
8770
12144
46192
29771
42757
38438
26443
28980
23786
39382
10137
48955
28376
43231
31632
54501
40231
35235
10517
34008
50735
38899
14826
49673
43576
29533
7072
24217
7929
24630
38369
62611
36717
25489
62965
40773
29502
18386
19315
53356
37690
54484
42797
47367
53439
35178
32653
16854
31446
36177
13505
61010
26390
47044
63304
46509
19685
53551
23939
35711
45303
25334
54369
7176
54256
51318
58647
64071
891
60758
24975
61194
47009
28739
52175
15247
34959
19355
23999
59121
8739
53356
40680
46886
27630
41212
24913
23458
36097
30699
48524
56421
52295
17705
27868
21311
32613
29609
59166
49619
54384
51072
27933
58529
48555
3206
42923
52555
15047
61392
33798
58275
43147
39603
16265
28971
18217
37507
13099
50338
20576
42432
29572
13982
27158
19218
6120
17326
3913
23027
19219
40975
25075
54546
50697
41788
21290
5308
8840
59957
58746
51520
29143
17756
40653
27500
40751
21868
52428
63826
34501
63946
44966
39044
954
27705
48311
33419
64549
39506
9215
44338
7062
44841
27171
62522
13730
30310
62336
15833
29668
10614
42420
38067
33133
40408
35436
33220
57665
46357
33302
58474
53834
21016
24067
1872
24986
8225
4485
64571
10227
50297
24270
12084
16812
63683
27014
18699
13450
53048
50141
39617
3580
32780
54744
29759
12794
34409
18486
39460
16217
10075
26141
64974
34447
21760
6647
28950
49979
1874
19398
10708
52260
55692
26854
63892
30870
62049
53293
26871
2471
56671
47233
50528
31205
8311
1286
20481
29401
36930
55231
24715
38288
62569
45943
34943
52872
43502
42771
49220
42483
1788
30859
57675
47019
12763
41826
14990
37534
30412
28631
52043
18968
29994
33536
40132
42139
30563
18298
